%YAML:1.0
---
model_type: PINHOLE
camera_name: left
image_width: 672
image_height: 376
distortion_parameters:
   k1: -0.174497 
   k2: 0.027127
   p1: -0.000359
   p2: 0.000457
projection_parameters:
   fx: 348.522264
   fy: 348.449870
   cx: 344.483596
   cy: 188.808062
