%YAML:1.0

#common parameters
#support: 1 imu 1 cam; 1 imu 2 cam: 2 cam; 
imu: 1         
num_of_cam: 2  

imu_topic: "/imu"
image0_topic: "/stereo/left/image_raw"
image1_topic: "/stereo/right/image_raw"
output_path: "/root/catkin_ws/src/VINS-Fusion/"

cam0_calib: "cam0_pinhole.yaml"
cam1_calib: "cam1_pinhole.yaml"
image_width: 672
image_height: 376
   

# Extrinsic parameter between IMU and Camera.
estimate_extrinsic: 0   # 0  Have an accurate extrinsic parameters. We will trust the following imu^R_cam, imu^T_cam, don't change it.
                        # 1  Have an initial guess about extrinsic parameters. We will optimize around your initial guess.

body_T_cam0: !!opencv-matrix
   rows: 4
   cols: 4
   dt: d
   data: [0.009471441780975032, -0.9939081748565041, 0.10980360533243941, -0.030950056130583600,
          0.9984567420628084, 0.0033909183804303744, -0.055431362078334365, -0.077136433704428381,
          0.05472134884952806, 0.11015916496574298, 0.9924064350628417, 0.026512487799308242,
           0, 0, 0, 1]

body_T_cam1: !!opencv-matrix
   rows: 4
   cols: 4
   dt: d
   data: [0.010486169744957197, -0.9940873423040585, 0.10807588128224391, -0.029702271983652186,
          0.9972728488827708, 0.002500626397312078, -0.07376050263429253, 0.041641180069859347,
          0.07305412462908822, 0.10855460717295605, 0.9914025378907414, 0.033393889310081332,
          0, 0, 0, 1]

#Multiple thread support
multiple_thread: 1

#feature traker paprameters
max_cnt: 150            # max feature number in feature tracking
min_dist: 30            # min distance between two features 
freq: 0                # frequence (Hz) of publish tracking result. At least 10Hz for good estimation. If set 0, the frequence will be same as raw image 
F_threshold: 1.0        # ransac threshold (pixel)
show_track: 1           # publish tracking image as topic
flow_back: 1            # perform forward and backward optical flow to improve feature tracking accuracy

#optimization parameters
max_solver_time: 0.04  # max solver itration time (ms), to guarantee real time
max_num_iterations: 8   # max solver itrations, to guarantee real time
keyframe_parallax: 10.0 # keyframe selection threshold (pixel)

#imu parameters       The more accurate parameters you provide, the better performance
#acc_n: 0.0017          # accelerometer measurement noise standard deviation.
#gyr_n: 8.2739         # gyroscope measurement noise standard deviation.
#acc_w: 0.0057        # accelerometer bias random work noise standard deviation.
#gyr_w: 8.7367       # gyroscope bias random work noise standard deviation.
acc_n: 0.1          # accelerometer measurement noise standard deviation. 
gyr_n: 0.01         # gyroscope measurement noise standard deviation.     
acc_w: 0.001        # accelerometer bias random work noise standard deviation.  
gyr_w: 0.0001       # gyroscope bias random work noise standard deviation.     
g_norm: 9.81007     # gravity magnitude

#unsynchronization parameters
estimate_td: 1                     # online estimate time offset between camera and imu
td: 0.0                             # initial value of time offset. unit: s. readed image clock + td = real image clock (IMU clock)

#loop closure parameters
load_previous_pose_graph: 0        # load and reuse previous pose graph; load from 'pose_graph_save_path'
pose_graph_save_path: "/root/catkin_ws/src/VINS-Fusion/pose_graph/" # save and load path
save_image: 1                   # save image in pose graph for visualization prupose; you can close this function by setting 0 
